11100110111100001111000101110101111100010101111111
11110010011010000000010111011001000111111100000000
11111000001110000000000000011000000111001000000000
11100000001000000000000000001000000110000000000000
00000000000000000000000000000000000000000000000000
00000000000000000000000000000000000000000000000000
01000000000000000000111110000000000000000000000000
00100000000000000000011111000000000000000011110000
00010000000000000000110000000000000000000000001000
00001000000000000000111000000000000000000000010000
00000111100000000001010100000000000000000000000000
00000000000000000001111100000000000000000000000000
00000000000000000000000000000000000000000000000000
01111111111111111111111111111111100000000000000000
00000000000000000000000000000000000000000000000000
00000000000000000000000000000000000000000000000000
00000000001111111111110000000000000000000000000000
00000000000000001111111110000000000000000000000000
00000000000000000111000000000000000000000001110000
00000000000000000110000000000000000000000011000000
00000000000000000111000000000000000000000000000000
00000000000000000000000000000000000000000000000000
00000000000000001111000000000000000000000000000000
00000000000000001011100000000000000000000000000000
00000000000000001100000000000000000000000000000000